No Sakhir 16 16 1 34 570 16 55 44 63 20 77 31 22 14 24
No Jeddah 11 16 1 31 634 1 16 55 11 63 31 4 10 20 44
No Melbourne 16 16 1 20 260 16 11 63 44 4 3 31 77 10 23
Si Imola 1 1 18 446 1 11 4 63 77 16 22 5 20 18  1 16 11 55 4 3 77 20
No Miami 16 1 1 31 361 1 16 55 11 63 44 77 31 23 18
No Barcelona 16 11 1 24 108 1 11 63 55 44 77 31 4 14 22
No Monaco 16 4 1 14 693 11 55 1 16 63 4 14 44 77 5
No Baku 16 11 1 46 046 1 11 63 44 10 5 14 3 4 31
No Montreal 1 55 1 15 749 1 55 44 63 16 31 77 24 14 18
No Silverstone 55 44 1 30 510 55 11 44 16 14 4 1 47 5 20
Si Spielberg 1 1 07 275 16 1 44 63 31 47 4 20 3 14 1 16 55 63 11 31 20 44
No LeCastellet 16 55 1 35 781 1 44 63 11 55 14 4 31 3 18 
No Hungaroring 63 44 1 21 386 1 44 63 55 11 16 4 14 31 5